46
MT524707_SA     0.0000000 0.0000010 0.0000010 0.0000010 0.0245411 0.0245334 0.0249852 0.0220740 0.0311556 0.0311556 0.0319597 0.0324392 0.0364245 0.0326908 0.0384539 0.0371240 0.0393162 0.0358122 0.0410078 0.0366300 0.0465451 0.0467053 0.0619511 0.0508893 0.1492839 0.1492839 0.1169929 0.1167627 0.1058801 0.1495111 0.1467892 0.1542575 0.1164065 0.1524437 0.1524437 0.1542763 0.1294817 0.1294817 0.1333152 0.1475115 0.1756422 0.1756422 0.1670387 0.1802466 0.1670387 0.5994695 
AY062077_SA     0.0000010 0.0000000 0.0000010 0.0000010 0.0384082 0.0384082 9.0000000 0.0355506 0.0506453 0.0506453 0.0474828 0.0517958 9.0000000 9.0000000 0.0352428 9.0000000 0.0352428 0.0323175 0.0322510 0.0379740 9.0000000 0.0414963 9.0000000 9.0000000 0.1542575 0.1542575 9.0000000 9.0000000 9.0000000 0.1542575 0.1542575 0.1542575 9.0000000 0.1664668 0.1664668 0.1664668 0.1280011 0.1280011 9.0000000 0.1756422 0.1756422 0.1756422 0.1802466 0.1802466 0.1802466 9.0000000 
GU992313_SA     0.0000010 0.0000010 0.0000000 0.0000010 0.0245411 0.0245334 0.0249852 0.0220740 0.0311556 0.0311556 0.0319597 0.0324392 0.0364245 0.0326908 0.0384539 0.0371240 0.0393162 0.0358122 0.0410078 0.0366300 0.0465451 0.0467053 0.0619511 0.0508893 0.1492839 0.1492839 0.1169929 0.1167627 0.1058801 0.1495111 0.1467892 0.1542575 0.1164065 0.1524437 0.1524437 0.1542763 0.1294817 0.1294817 0.1333152 0.1475115 0.1756422 0.1756422 0.1670387 0.1802466 0.1670387 0.5994695 
FJ465416_SA     0.0000010 0.0000010 0.0000010 0.0000000 0.0245682 0.0245605 0.0249852 0.0220983 0.0311901 0.0311901 0.0319951 0.0324756 0.0364245 0.0326908 0.0384972 0.0371240 0.0393605 0.0358524 0.0410540 0.0366712 0.0465451 0.0467586 0.0619511 0.0508893 0.1494654 0.1494654 0.1169929 0.1167627 0.1058801 0.1496932 0.1469677 0.1542575 0.1164065 0.1526356 0.1526356 0.1544710 0.1296405 0.1296405 0.1333152 0.1476918 0.1756422 0.1756422 0.1672495 0.1802466 0.1672495 0.5994695 
MT524706_SA     0.0245411 0.0384082 0.0245411 0.0245682 0.0000000 0.0029810 0.0104168 0.0067696 0.0219428 0.0219428 0.0227316 0.0230777 0.0212510 0.0176468 0.0598649 0.0646127 0.0607976 0.0569602 0.0605965 0.0578194 0.0727561 0.0683753 0.0903531 0.0774934 0.1616807 0.1616807 0.1404083 0.1401572 0.1288253 0.1619384 0.1590602 0.1728126 0.1397194 0.1601188 0.1601188 0.1620034 0.1485458 0.1485458 0.1571673 0.1581819 0.1818724 0.1818724 0.1825910 0.1717184 0.1825910 0.5532836 
FJ465413_SA     0.0245334 0.0384082 0.0245334 0.0245605 0.0029810 0.0000000 0.0104363 0.0067671 0.0219357 0.0219357 0.0227243 0.0230702 0.0213000 0.0176852 0.0598560 0.0649141 0.0589083 0.0569508 0.0605879 0.0578102 0.0731003 0.0683685 0.0908779 0.0778787 0.1593894 0.1593894 0.1415738 0.1413182 0.1298122 0.1596435 0.1567706 0.1728126 0.1408700 0.1602198 0.1602198 0.1621088 0.1486227 0.1486227 0.1587565 0.1610961 0.1818724 0.1818724 0.1802238 0.1717184 0.1802238 0.5650346 
AF074817_SA     0.0249852 9.0000000 0.0249852 0.0249852 0.0104168 0.0104363 0.0000000 0.0000010 0.0330732 0.0330732 0.0369601 0.0291919 0.0250296 0.0213811 0.0674763 0.0596323 0.0674763 0.0631834 0.0631834 0.0586214 0.0679803 0.0675623 0.0850992 0.0726275 0.1360217 0.1360217 0.1360217 0.1365329 0.1251578 0.1251578 0.1301597 9.0000000 0.1361037 0.1144426 0.1144426 0.1144426 0.1328093 0.1328093 0.1523485 0.1509591 9.0000000 9.0000000 0.1631372 9.0000000 0.1631372 0.5377574 
FJ465410_SA     0.0220740 0.0355506 0.0220740 0.0220983 0.0067696 0.0067671 0.0000010 0.0000000 0.0194742 0.0194742 0.0202579 0.0212515 0.0250296 0.0213811 0.0550633 0.0596323 0.0559842 0.0522060 0.0577679 0.0530602 0.0679803 0.0627808 0.0850992 0.0726275 0.1555514 0.1555514 0.1360217 0.1357728 0.1244641 0.1557963 0.1529677 0.1601439 0.1353482 0.1567712 0.1567712 0.1586305 0.1449265 0.1449265 0.1523485 0.1573996 0.1784268 0.1784268 0.1757720 0.1765695 0.1757720 0.5377574 
MT524705_SA     0.0311556 0.0506453 0.0311556 0.0311901 0.0219428 0.0219357 0.0330732 0.0194742 0.0000000 0.0000010 0.0022318 0.0045206 0.0421372 0.0382193 0.0609586 0.0649524 0.0618966 0.0580354 0.0637042 0.0588981 0.0731237 0.0669781 0.0908572 0.0778927 0.1599480 0.1599480 0.1364334 0.1361799 0.1246633 0.1602011 0.1573472 0.1744621 0.1357466 0.1603137 0.1603137 0.1621947 0.1475835 0.1475835 0.1334149 0.1548787 0.1744985 0.1744985 0.1814559 0.1795490 0.1814559 0.5368156 
KP899610_SA     0.0311556 0.0506453 0.0311556 0.0311901 0.0219428 0.0219357 0.0330732 0.0194742 0.0000010 0.0000000 0.0022318 0.0045206 0.0421372 0.0382193 0.0609586 0.0649524 0.0618966 0.0580354 0.0637042 0.0588981 0.0731237 0.0669781 0.0908572 0.0778927 0.1599480 0.1599480 0.1364334 0.1361799 0.1246633 0.1602011 0.1573472 0.1744621 0.1357466 0.1603137 0.1603137 0.1621947 0.1475835 0.1475835 0.1334149 0.1548787 0.1744985 0.1744985 0.1814559 0.1795490 0.1814559 0.5368156 
KP899611_SA     0.0319597 0.0474828 0.0319597 0.0319951 0.0227316 0.0227243 0.0369601 0.0202579 0.0022318 0.0022318 0.0000000 0.0052756 0.0462138 0.0422753 0.0618246 0.0696660 0.0627629 0.0588981 0.0645700 0.0597601 0.0775929 0.0678627 0.0956690 0.0824191 0.1608594 0.1608594 0.1416023 0.1413446 0.1297321 0.1611137 0.1582606 0.1694751 0.1408928 0.1612356 0.1612356 0.1631180 0.1485039 0.1485039 0.1389653 0.1585768 0.1794330 0.1794330 0.1854297 0.1845951 0.1854297 0.5252382 
KP899612_SA     0.0324392 0.0517958 0.0324392 0.0324756 0.0230777 0.0230702 0.0291919 0.0212515 0.0045206 0.0045206 0.0052756 0.0000000 0.0380527 0.0341621 0.0627465 0.0601984 0.0636975 0.0597780 0.0655276 0.0606506 0.0686037 0.0680890 0.0859677 0.0733085 0.1630301 0.1630301 0.1416023 0.1413446 0.1297321 0.1632909 0.1603991 0.1687950 0.1408928 0.1634370 0.1634370 0.1653502 0.1511988 0.1511988 0.1389653 0.1608235 0.1882708 0.1882708 0.1908338 0.1936741 0.1908338 0.5368156 
AF074815_SA     0.0364245 9.0000000 0.0364245 0.0364245 0.0212510 0.0213000 0.0250296 0.0250296 0.0421372 0.0421372 0.0462138 0.0380527 0.0000000 0.0103395 0.0912085 0.0847678 0.0912085 0.0866173 0.0866173 0.0815917 0.0919946 0.0913261 0.1114744 0.0970699 0.1169273 0.1169273 0.1169273 0.1173562 0.1064318 0.1064318 0.1113199 9.0000000 0.1169970 0.1296167 0.1296167 0.1296167 0.1288580 0.1288580 0.1543180 0.1552921 9.0000000 9.0000000 0.1820887 9.0000000 0.1820887 0.5453307 
AF074816_SA     0.0326908 9.0000000 0.0326908 0.0326908 0.0176468 0.0176852 0.0213811 0.0213811 0.0382193 0.0382193 0.0422753 0.0341621 0.0103395 0.0000000 0.0870879 0.0803013 0.0870879 0.0824904 0.0824904 0.0774880 0.0878303 0.0872015 0.1071840 0.0928994 0.1333122 0.1333122 0.1333122 0.1338171 0.1223830 0.1223830 0.1274234 9.0000000 0.1333933 0.1361110 0.1361110 0.1361110 0.1464990 0.1464990 0.1621761 0.1621272 9.0000000 9.0000000 0.1902158 9.0000000 0.1902158 0.6010811 
KF155008_SA     0.0384539 0.0352428 0.0384539 0.0384972 0.0598649 0.0598560 0.0674763 0.0550633 0.0609586 0.0609586 0.0618246 0.0627465 0.0912085 0.0870879 0.0000000 0.0000010 0.0007410 0.0022324 0.0098282 0.0044838 0.0069285 0.0177441 0.0215977 0.0178114 0.1589701 0.1589701 0.1584207 0.1581431 0.1566799 0.1615814 0.1563930 0.1467280 0.1576145 0.1729627 0.1729627 0.1749520 0.1488306 0.1488306 0.1601689 0.1651558 0.1595020 0.1595020 0.1736422 0.1569482 0.1736422 0.5626924 
EF188811_SA     0.0371240 9.0000000 0.0371240 0.0371240 0.0646127 0.0649141 0.0596323 0.0596323 0.0649524 0.0649524 0.0696660 0.0601984 0.0847678 0.0803013 0.0000010 0.0000000 0.0000010 0.0000010 0.0000010 0.0037381 0.0037436 0.0113372 0.0195109 0.0154349 0.1570577 0.1570577 0.1570577 0.1570577 0.1501460 0.1501460 0.1501460 9.0000000 0.1571653 0.1168404 0.1168404 0.1168404 0.1489238 0.1489238 0.1601689 0.1627605 9.0000000 9.0000000 0.1599399 9.0000000 0.1599399 0.5626924 
FJ465411_SA     0.0393162 0.0352428 0.0393162 0.0393605 0.0607976 0.0589083 0.0674763 0.0559842 0.0618966 0.0618966 0.0627629 0.0636975 0.0912085 0.0870879 0.0007410 0.0000010 0.0000000 0.0029800 0.0105965 0.0052371 0.0069285 0.0185375 0.0215977 0.0178114 0.1577708 0.1577708 0.1584207 0.1581431 0.1566799 0.1603778 0.1551978 0.1467280 0.1576145 0.1741752 0.1741752 0.1761708 0.1499745 0.1499745 0.1601689 0.1639323 0.1595020 0.1595020 0.1723747 0.1569482 0.1723747 0.5626924 
FJ465415_SA     0.0358122 0.0323175 0.0358122 0.0358524 0.0569602 0.0569508 0.0631834 0.0522060 0.0580354 0.0580354 0.0588981 0.0597780 0.0866173 0.0824904 0.0022324 0.0000010 0.0029800 0.0000000 0.0075222 0.0022308 0.0034443 0.0153502 0.0178912 0.0141674 0.1601923 0.1601923 0.1640239 0.1637427 0.1513675 0.1604440 0.1576107 0.1423371 0.1631921 0.1688206 0.1688206 0.1707821 0.1477073 0.1477073 0.1601689 0.1611551 0.1548985 0.1548985 0.1724480 0.1522827 0.1724480 0.5626924 
FJ465412_SA     0.0410078 0.0322510 0.0410078 0.0410540 0.0605965 0.0605879 0.0631834 0.0577679 0.0637042 0.0637042 0.0645700 0.0655276 0.0866173 0.0824904 0.0098282 0.0000010 0.0105965 0.0075222 0.0000000 0.0098206 0.0034443 0.0201145 0.0178912 0.0141674 0.1625742 0.1625742 0.1640239 0.1637427 0.1513675 0.1628302 0.1599847 0.1343269 0.1631921 0.1654432 0.1654432 0.1673746 0.1473344 0.1473344 0.1601689 0.1607333 0.1543102 0.1543102 0.1744548 0.1516971 0.1744548 0.5626924 
FJ465414_SA     0.0366300 0.0379740 0.0366300 0.0366712 0.0578194 0.0578102 0.0586214 0.0530602 0.0588981 0.0588981 0.0597601 0.0606506 0.0815917 0.0774880 0.0044838 0.0037381 0.0052371 0.0022308 0.0098206 0.0000000 0.0069524 0.0177297 0.0184903 0.0105209 0.1563930 0.1563930 0.1574765 0.1572014 0.1450426 0.1566374 0.1538283 0.1346797 0.1566799 0.1672931 0.1672931 0.1692428 0.1462984 0.1462984 0.1531410 0.1596852 0.1547547 0.1547547 0.1708982 0.1521383 0.1708982 0.5479197 
AF074814_SA     0.0465451 9.0000000 0.0465451 0.0465451 0.0727561 0.0731003 0.0679803 0.0679803 0.0731237 0.0731237 0.0775929 0.0686037 0.0919946 0.0878303 0.0069285 0.0037436 0.0069285 0.0034443 0.0034443 0.0069524 0.0000000 0.0140473 0.0217167 0.0179065 0.1715746 0.1715746 0.1715746 0.1722812 0.1594794 0.1594794 0.1649334 9.0000000 0.1716846 0.1251335 0.1251335 0.1251335 0.1564486 0.1564486 0.1682603 0.1745645 9.0000000 9.0000000 0.1734902 9.0000000 0.1734902 0.5911876 
KC218934_SA     0.0467053 0.0414963 0.0467053 0.0467586 0.0683753 0.0683685 0.0675623 0.0627808 0.0669781 0.0669781 0.0678627 0.0680890 0.0913261 0.0872015 0.0177441 0.0113372 0.0185375 0.0153502 0.0201145 0.0177297 0.0140473 0.0000000 0.0292092 0.0252818 0.1654085 0.1654085 0.1586256 0.1583477 0.1460740 0.1656704 0.1628014 0.1397052 0.1578178 0.1732141 0.1732141 0.1752172 0.1533183 0.1533183 0.1662435 0.1723580 0.1623386 0.1623386 0.1722288 0.1579403 0.1722288 0.5516073 
AF074813_SA     0.0619511 9.0000000 0.0619511 0.0619511 0.0903531 0.0908779 0.0850992 0.0850992 0.0908572 0.0908572 0.0956690 0.0859677 0.1114744 0.1071840 0.0215977 0.0195109 0.0215977 0.0178912 0.0178912 0.0184903 0.0217167 0.0292092 0.0000000 0.0304865 0.1990005 0.1990005 0.1990005 0.1998802 0.1858714 0.1858714 0.1917027 9.0000000 0.1991340 0.1476078 0.1476078 0.1476078 0.1834480 0.1834480 0.1978983 0.2011675 9.0000000 9.0000000 0.2011275 9.0000000 0.2011275 0.6086409 
AF074810_SA     0.0508893 9.0000000 0.0508893 0.0508893 0.0774934 0.0778787 0.0726275 0.0726275 0.0778927 0.0778927 0.0824191 0.0733085 0.0970699 0.0928994 0.0178114 0.0154349 0.0178114 0.0141674 0.0141674 0.0105209 0.0179065 0.0252818 0.0304865 0.0000000 0.1779506 0.1779506 0.1779506 0.1786902 0.1657104 0.1657104 0.1712102 9.0000000 0.1780651 0.1204999 0.1204999 0.1204999 0.1628310 0.1628310 0.1628994 0.1698029 9.0000000 9.0000000 0.1799109 9.0000000 0.1799109 0.5894119 
NC_006429_Zim   0.1492839 0.1542575 0.1492839 0.1494654 0.1616807 0.1593894 0.1360217 0.1555514 0.1599480 0.1599480 0.1608594 0.1630301 0.1169273 0.1333122 0.1589701 0.1570577 0.1577708 0.1601923 0.1625742 0.1563930 0.1715746 0.1654085 0.1990005 0.1779506 0.0000000 0.0000010 0.0000010 0.0000010 0.0068246 0.0029828 0.0014852 0.0000010 0.0068435 0.1648640 0.1648640 0.1667792 0.1313288 0.1313288 0.1591572 0.1750208 0.1682763 0.1682763 0.1785971 0.1554213 0.1785971 0.4872181 
KF155006_Zim    0.1492839 0.1542575 0.1492839 0.1494654 0.1616807 0.1593894 0.1360217 0.1555514 0.1599480 0.1599480 0.1608594 0.1630301 0.1169273 0.1333122 0.1589701 0.1570577 0.1577708 0.1601923 0.1625742 0.1563930 0.1715746 0.1654085 0.1990005 0.1779506 0.0000010 0.0000000 0.0000010 0.0000010 0.0068246 0.0029828 0.0014852 0.0000010 0.0068435 0.1648640 0.1648640 0.1667792 0.1313288 0.1313288 0.1591572 0.1750208 0.1682763 0.1682763 0.1785971 0.1554213 0.1785971 0.4872181 
AF074812_Zim    0.1169929 9.0000000 0.1169929 0.1169929 0.1404083 0.1415738 0.1360217 0.1360217 0.1364334 0.1364334 0.1416023 0.1416023 0.1169273 0.1333122 0.1584207 0.1570577 0.1584207 0.1640239 0.1640239 0.1574765 0.1715746 0.1586256 0.1990005 0.1779506 0.0000010 0.0000010 0.0000000 0.0000010 0.0068580 0.0068580 0.0034051 9.0000000 0.0068771 0.1574838 0.1574838 0.1574838 0.1407300 0.1407300 0.1591572 0.1598238 9.0000000 9.0000000 0.1886360 9.0000000 0.1886360 0.4872181 
AF319514_Zim    0.1167627 9.0000000 0.1167627 0.1167627 0.1401572 0.1413182 0.1365329 0.1357728 0.1361799 0.1361799 0.1413446 0.1413446 0.1173562 0.1338171 0.1581431 0.1570577 0.1581431 0.1637427 0.1637427 0.1572014 0.1722812 0.1583477 0.1998802 0.1786902 0.0000010 0.0000010 0.0000010 0.0000000 0.0068432 0.0068432 0.0033981 9.0000000 0.0068612 0.1572026 0.1572026 0.1572026 0.1404512 0.1404512 0.1591572 0.1595468 9.0000000 9.0000000 0.1883225 9.0000000 0.1883225 0.4872181 
AF319516_Zim    0.1058801 9.0000000 0.1058801 0.1058801 0.1288253 0.1298122 0.1251578 0.1244641 0.1246633 0.1246633 0.1297321 0.1297321 0.1064318 0.1223830 0.1566799 0.1501460 0.1566799 0.1513675 0.1513675 0.1450426 0.1594794 0.1460740 0.1858714 0.1657104 0.0068246 0.0068246 0.0068580 0.0068432 0.0000000 0.0000010 0.0033820 9.0000000 0.0068277 0.1447658 0.1447658 0.1447658 0.1279023 0.1279023 0.1519834 0.1473156 9.0000000 9.0000000 0.1746003 9.0000000 0.1746003 0.4739729 
FJ465418_Zim    0.1495111 0.1542575 0.1495111 0.1496932 0.1619384 0.1596435 0.1251578 0.1557963 0.1602011 0.1602011 0.1611137 0.1632909 0.1064318 0.1223830 0.1615814 0.1501460 0.1603778 0.1604440 0.1628302 0.1566374 0.1594794 0.1656704 0.1858714 0.1657104 0.0029828 0.0029828 0.0068580 0.0068432 0.0000010 0.0000000 0.0029806 0.0000010 0.0068277 0.1622490 0.1622490 0.1641479 0.1315225 0.1315225 0.1519834 0.1753036 0.1682763 0.1682763 0.1788972 0.1554213 0.1788972 0.4739729 
FJ465417_Zim    0.1467892 0.1542575 0.1467892 0.1469677 0.1590602 0.1567706 0.1301597 0.1529677 0.1573472 0.1573472 0.1582606 0.1603991 0.1113199 0.1274234 0.1563930 0.1501460 0.1551978 0.1576107 0.1599847 0.1538283 0.1649334 0.1628014 0.1917027 0.1712102 0.0014852 0.0014852 0.0034051 0.0033981 0.0033820 0.0029806 0.0000000 0.0000010 0.0033901 0.1622033 0.1622033 0.1641015 0.1311530 0.1311530 0.1519834 0.1747630 0.1682763 0.1682763 0.1762400 0.1554213 0.1762400 0.4739729 
AY062078_Zim    0.1542575 0.1542575 0.1542575 0.1542575 0.1728126 0.1728126 9.0000000 0.1601439 0.1744621 0.1744621 0.1694751 0.1687950 9.0000000 9.0000000 0.1467280 9.0000000 0.1467280 0.1423371 0.1343269 0.1346797 9.0000000 0.1397052 9.0000000 9.0000000 0.0000010 0.0000010 9.0000000 9.0000000 9.0000000 0.0000010 0.0000010 0.0000000 9.0000000 0.1322041 0.1322041 0.1322041 0.1276724 0.1276724 9.0000000 0.1682763 0.1682763 0.1682763 0.1554213 0.1554213 0.1554213 9.0000000 
AF319515_Zim    0.1164065 9.0000000 0.1164065 0.1164065 0.1397194 0.1408700 0.1361037 0.1353482 0.1357466 0.1357466 0.1408928 0.1408928 0.1169970 0.1333933 0.1576145 0.1571653 0.1576145 0.1631921 0.1631921 0.1566799 0.1716846 0.1578178 0.1991340 0.1780651 0.0068435 0.0068435 0.0068771 0.0068612 0.0068277 0.0068277 0.0033901 9.0000000 0.0000000 0.1566695 0.1566695 0.1566695 0.1399647 0.1399647 0.1592699 0.1590156 9.0000000 9.0000000 0.1876305 9.0000000 0.1876305 0.4875769 
EU293117_Camero 0.1524437 0.1664668 0.1524437 0.1526356 0.1601188 0.1602198 0.1144426 0.1567712 0.1603137 0.1603137 0.1612356 0.1634370 0.1296167 0.1361110 0.1729627 0.1168404 0.1741752 0.1688206 0.1654432 0.1672931 0.1251335 0.1732141 0.1476078 0.1204999 0.1648640 0.1648640 0.1574838 0.1572026 0.1447658 0.1622490 0.1622033 0.1322041 0.1566695 0.0000000 0.0000010 0.0007411 0.1513802 0.1513802 0.1327819 0.1585961 0.1485095 0.1485095 0.1775183 0.1711595 0.1775183 0.5781240 
GU992310_Camero 0.1524437 0.1664668 0.1524437 0.1526356 0.1601188 0.1602198 0.1144426 0.1567712 0.1603137 0.1603137 0.1612356 0.1634370 0.1296167 0.1361110 0.1729627 0.1168404 0.1741752 0.1688206 0.1654432 0.1672931 0.1251335 0.1732141 0.1476078 0.1204999 0.1648640 0.1648640 0.1574838 0.1572026 0.1447658 0.1622490 0.1622033 0.1322041 0.1566695 0.0000010 0.0000000 0.0007411 0.1513802 0.1513802 0.1327819 0.1585961 0.1485095 0.1485095 0.1775183 0.1711595 0.1775183 0.5781240 
AY333111_Ethiop 0.1542763 0.1664668 0.1542763 0.1544710 0.1620034 0.1621088 0.1144426 0.1586305 0.1621947 0.1621947 0.1631180 0.1653502 0.1296167 0.1361110 0.1749520 0.1168404 0.1761708 0.1707821 0.1673746 0.1692428 0.1251335 0.1752172 0.1476078 0.1204999 0.1667792 0.1667792 0.1574838 0.1572026 0.1447658 0.1641479 0.1641015 0.1322041 0.1566695 0.0007411 0.0007411 0.0000000 0.1531948 0.1531948 0.1327819 0.1604796 0.1485095 0.1485095 0.1795776 0.1711595 0.1795776 0.5781240 
KF155007_Zim    0.1294817 0.1280011 0.1294817 0.1296405 0.1485458 0.1486227 0.1328093 0.1449265 0.1475835 0.1475835 0.1485039 0.1511988 0.1288580 0.1464990 0.1488306 0.1489238 0.1499745 0.1477073 0.1473344 0.1462984 0.1564486 0.1533183 0.1834480 0.1628310 0.1313288 0.1313288 0.1407300 0.1404512 0.1279023 0.1315225 0.1311530 0.1276724 0.1399647 0.1513802 0.1513802 0.1531948 0.0000000 0.0000010 0.1271241 0.1533070 0.1350191 0.1350191 0.1596553 0.1723452 0.1596553 0.6151564 
KC218933_Zim    0.1294817 0.1280011 0.1294817 0.1296405 0.1485458 0.1486227 0.1328093 0.1449265 0.1475835 0.1475835 0.1485039 0.1511988 0.1288580 0.1464990 0.1488306 0.1489238 0.1499745 0.1477073 0.1473344 0.1462984 0.1564486 0.1533183 0.1834480 0.1628310 0.1313288 0.1313288 0.1407300 0.1404512 0.1279023 0.1315225 0.1311530 0.1276724 0.1399647 0.1513802 0.1513802 0.1531948 0.0000010 0.0000000 0.1271241 0.1533070 0.1350191 0.1350191 0.1596553 0.1723452 0.1596553 0.6151564 
EF188810_SA     0.1333152 9.0000000 0.1333152 0.1333152 0.1571673 0.1587565 0.1523485 0.1523485 0.1334149 0.1334149 0.1389653 0.1389653 0.1543180 0.1621761 0.1601689 0.1601689 0.1601689 0.1601689 0.1601689 0.1531410 0.1682603 0.1662435 0.1978983 0.1628994 0.1591572 0.1591572 0.1591572 0.1591572 0.1519834 0.1519834 0.1519834 9.0000000 0.1592699 0.1327819 0.1327819 0.1327819 0.1271241 0.1271241 0.0000000 0.1556955 9.0000000 9.0000000 0.1501826 9.0000000 0.1501826 0.6528345 
KF155005_Nigeri 0.1475115 0.1756422 0.1475115 0.1476918 0.1581819 0.1610961 0.1509591 0.1573996 0.1548787 0.1548787 0.1585768 0.1608235 0.1552921 0.1621272 0.1651558 0.1627605 0.1639323 0.1611551 0.1607333 0.1596852 0.1745645 0.1723580 0.2011675 0.1698029 0.1750208 0.1750208 0.1598238 0.1595468 0.1473156 0.1753036 0.1747630 0.1682763 0.1590156 0.1585961 0.1585961 0.1604796 0.1533070 0.1533070 0.1556955 0.0000000 0.0000010 0.0000010 0.1616337 0.1392219 0.1616337 0.7181626 
AY062075_Camero 0.1756422 0.1756422 0.1756422 0.1756422 0.1818724 0.1818724 9.0000000 0.1784268 0.1744985 0.1744985 0.1794330 0.1882708 9.0000000 9.0000000 0.1595020 9.0000000 0.1595020 0.1548985 0.1543102 0.1547547 9.0000000 0.1623386 9.0000000 9.0000000 0.1682763 0.1682763 9.0000000 9.0000000 9.0000000 0.1682763 0.1682763 0.1682763 9.0000000 0.1485095 0.1485095 0.1485095 0.1350191 0.1350191 9.0000000 0.0000010 0.0000000 0.0000010 0.1392219 0.1392219 0.1392219 9.0000000 
AY062074_Nigeri 0.1756422 0.1756422 0.1756422 0.1756422 0.1818724 0.1818724 9.0000000 0.1784268 0.1744985 0.1744985 0.1794330 0.1882708 9.0000000 9.0000000 0.1595020 9.0000000 0.1595020 0.1548985 0.1543102 0.1547547 9.0000000 0.1623386 9.0000000 9.0000000 0.1682763 0.1682763 9.0000000 9.0000000 9.0000000 0.1682763 0.1682763 0.1682763 9.0000000 0.1485095 0.1485095 0.1485095 0.1350191 0.1350191 9.0000000 0.0000010 0.0000010 0.0000000 0.1392219 0.1392219 0.1392219 9.0000000 
EU293118_CAR    0.1670387 0.1802466 0.1670387 0.1672495 0.1825910 0.1802238 0.1631372 0.1757720 0.1814559 0.1814559 0.1854297 0.1908338 0.1820887 0.1902158 0.1736422 0.1599399 0.1723747 0.1724480 0.1744548 0.1708982 0.1734902 0.1722288 0.2011275 0.1799109 0.1785971 0.1785971 0.1886360 0.1883225 0.1746003 0.1788972 0.1762400 0.1554213 0.1876305 0.1775183 0.1775183 0.1795776 0.1596553 0.1596553 0.1501826 0.1616337 0.1392219 0.1392219 0.0000000 0.0000010 0.0000010 0.6261682 
AY062076_CAR    0.1802466 0.1802466 0.1802466 0.1802466 0.1717184 0.1717184 9.0000000 0.1765695 0.1795490 0.1795490 0.1845951 0.1936741 9.0000000 9.0000000 0.1569482 9.0000000 0.1569482 0.1522827 0.1516971 0.1521383 9.0000000 0.1579403 9.0000000 9.0000000 0.1554213 0.1554213 9.0000000 9.0000000 9.0000000 0.1554213 0.1554213 0.1554213 9.0000000 0.1711595 0.1711595 0.1711595 0.1723452 0.1723452 9.0000000 0.1392219 0.1392219 0.1392219 0.0000010 0.0000000 0.0000010 9.0000000 
GU992314_CAR    0.1670387 0.1802466 0.1670387 0.1672495 0.1825910 0.1802238 0.1631372 0.1757720 0.1814559 0.1814559 0.1854297 0.1908338 0.1820887 0.1902158 0.1736422 0.1599399 0.1723747 0.1724480 0.1744548 0.1708982 0.1734902 0.1722288 0.2011275 0.1799109 0.1785971 0.1785971 0.1886360 0.1883225 0.1746003 0.1788972 0.1762400 0.1554213 0.1876305 0.1775183 0.1775183 0.1795776 0.1596553 0.1596553 0.1501826 0.1616337 0.1392219 0.1392219 0.0000010 0.0000010 0.0000000 0.6261682 
GQ128445_SA     0.5994695 9.0000000 0.5994695 0.5994695 0.5532836 0.5650346 0.5377574 0.5377574 0.5368156 0.5368156 0.5252382 0.5368156 0.5453307 0.6010811 0.5626924 0.5626924 0.5626924 0.5626924 0.5626924 0.5479197 0.5911876 0.5516073 0.6086409 0.5894119 0.4872181 0.4872181 0.4872181 0.4872181 0.4739729 0.4739729 0.4739729 9.0000000 0.4875769 0.5781240 0.5781240 0.5781240 0.6151564 0.6151564 0.6528345 0.7181626 9.0000000 9.0000000 0.6261682 9.0000000 0.6261682 0.0000000 
